1419
0.9999 0.0
0.99334428022 0.0623735072453
0.973963637293 0.122020992923
0.942605098312 0.176335575688
0.900639181908 0.222943447643
0.8499 0.259807621135
0.792605098312 0.285316954889
0.73125853898 0.29835656861
0.66854146102 0.29835656861
0.607194901688 0.285316954889
0.5499 0.259807621135
0.499160818092 0.222943447643
0.457194901688 0.176335575688
0.425836362707 0.122020992923
0.40645571978 0.0623735072453
0.3999 3.67394039744e-17
0.40645571978 -0.0623735072453
0.425836362707 -0.122020992923
0.457194901688 -0.176335575688
0.499160818092 -0.222943447643
0.5499 -0.259807621135
0.607194901688 -0.285316954889
0.66854146102 -0.29835656861
0.73125853898 -0.29835656861
0.792605098312 -0.285316954889
0.8499 -0.259807621135
0.900639181908 -0.222943447643
0.942605098312 -0.176335575688
0.973963637293 -0.122020992923
0.99334428022 -0.0623735072453
1.0 0.0
0.978147600734 0.207911690818
0.913545457643 0.406736643076
0.809016994375 0.587785252292
0.669130606359 0.743144825477
0.5 0.866025403784
0.309016994375 0.951056516295
0.104528463268 0.994521895368
-0.104528463268 0.994521895368
-0.309016994375 0.951056516295
-0.5 0.866025403784
-0.669130606359 0.743144825477
-0.809016994375 0.587785252292
-0.913545457643 0.406736643076
-0.978147600734 0.207911690818
-1.0 1.22464679915e-16
-0.978147600734 -0.207911690818
-0.913545457643 -0.406736643076
-0.809016994375 -0.587785252292
-0.669130606359 -0.743144825477
-0.5 -0.866025403784
-0.309016994375 -0.951056516295
-0.104528463268 -0.994521895368
0.104528463268 -0.994521895368
0.309016994375 -0.951056516295
0.5 -0.866025403784
0.669130606359 -0.743144825477
0.809016994375 -0.587785252292
0.913545457643 -0.406736643076
0.978147600734 -0.207911690818
0.989073800367 0.103955845409
0.989073800367 -0.103955845409
0.983653958756 0.092197250084
0.994536900183 0.0519779227044
0.994536900183 -0.0519779227044
0.991805350275 -0.0779668840567
0.993171125229 -0.0649724033805
0.993854012706 -0.0584751630425
0.983653958756 -0.092197250084
0.991805350275 0.0779668840567
0.99662214011 0.0311867536227
0.99662214011 -0.0311867536227
0.993512568968 -0.0617237832115
0.988499119488 -0.0772853786647
0.993171125229 0.0649724033805
0.994983210165 0.046780130434
0.994983210165 -0.046780130434
0.988499119488 0.0772853786647
0.997268450092 0.0259889613522
0.997268450092 -0.0259889613522
0.995902675138 0.0389834420283
0.993854012706 0.0584751630425
0.993341847099 -0.063348093296
0.990921699854 -0.069829442955
0.994163745193 0.0545768188397
0.994163745193 -0.0545768188397
0.990921699854 0.069829442955
0.995902675138 -0.0389834420283
0.995219787661 0.0454806823664
0.996585562615 0.0324862016903
0.992132990037 -0.0661014751002
0.993754012706 0.0584751630425
0.993754012706 -0.0584751630425
0.994573477679 -0.0506784746368
0.992132990037 0.0661014751002
0.996585562615 -0.0324862016903
0.995219787661 -0.0454806823664
0.998261070055 0.0155933768113
0.998261070055 -0.0155933768113
0.995802675138 0.0389834420283
0.993512568968 0.0617237832115
0.993427208033 -0.0625359382538
0.992488237752 -0.0714696437186
0.994573477679 0.0506784746368
0.994195456445 0.0552265428735
0.994195456445 -0.0552265428735
0.992488237752 0.0714696437186
0.995802675138 -0.0389834420283
0.994878343922 0.0487293025354
0.996927006353 0.0292375815212
0.992738635129 -0.0642374911727
0.997441605083 0.023390065217
0.993549146463 -0.0604243351439
0.994368611436 -0.0526276467382
0.992738635129 0.0642374911727
0.996927006353 -0.0292375815212
0.994878343922 -0.0487293025354
0.998634225046 0.0129944806761
0.997441605083 -0.023390065217
0.995392942651 0.0428817862312
0.993341847099 0.063348093296
0.994707622053 0.0503536126199
0.995049065791 0.0471049924509
0.993446713342 -0.0613989211946
0.994471044557 -0.0516530606875
0.994707622053 -0.0503536126199
0.997951337569 0.0194917210142
0.995188076408 0.0448309583326
0.993427208033 0.0625359382538
0.99760989383 0.0227403411832
0.998292781307 0.0162431008451
0.998634225046 -0.0129944806761
0.996212407624 0.0350850978255
0.993549146463 0.0604243351439
0.994366178314 -0.053602232789
0.994366178314 0.053602232789
0.994368611436 0.0526276467382
0.99395887895 0.0565259909411
0.99395887895 -0.0565259909411
0.996212407624 -0.0350850978255
0.995392942651 -0.0428817862312
0.994778343922 0.0487293025354
0.996756284484 0.0308618916058
0.993041457674 -0.063305499209
0.997031872596 0.0272884094198
0.993683290837 -0.060099473127
0.995049065791 -0.0471049924509
0.996756284484 -0.0308618916058
0.994778343922 -0.0487293025354
0.999080535028 0.00779668840567
0.997031872596 -0.0272884094198
0.995561231399 0.0422320621974
0.993041457674 0.063305499209
0.994622261118 0.0511657676622
0.995134426726 0.0462928374086
0.993395496781 -0.06188621422
0.994419827997 -0.0521403537129
0.994622261118 -0.0511657676622
0.997851337569 0.0194917210142
0.995085643287 0.0458055443833
0.997951337569 -0.0194917210142
0.997439171961 0.0243646512677
0.998463503177 0.0146187907606
0.999080535028 -0.00779668840567
0.996417273867 0.0331359257241
0.993446713342 0.0613989211946
0.994451539249 -0.0527900777467
0.99428081738 -0.0544143878312
0.994471044557 0.0516530606875
0.994266178314 0.053602232789
0.994061312071 0.0555514048904
0.994061312071 -0.0555514048904
0.996417273867 -0.0331359257241
0.995188076408 -0.0448309583326
0.9946759108 0.0497038885861
0.996827006353 0.0292375815212
0.993597929902 -0.0609116281693
0.998670802541 0.0116950326085
0.996827006353 -0.0292375815212
0.997236738839 -0.0253392373184
0.99539050953 0.0438563722819
0.997646471326 0.0214408931156
0.995136859847 0.0453182513579
0.995034426726 0.0462928374086
0.998292781307 -0.0162431008451
0.99760989383 -0.0227403411832
0.998670802541 -0.0116950326085
0.994522261118 0.0511657676622
0.994419827997 0.0521403537129
0.99364061037 -0.0605055506481
0.993555249435 -0.0613177056904
0.995305148595 0.0446685273241
0.995475870464 0.0430442172396
0.997544038204 0.0224154791663
0.996244118876 0.0357348218593
0.993683290837 0.060099473127
0.994266178314 -0.053602232789
0.99428081738 0.0544143878312
0.994451539249 0.0527900777467
0.994024734576 0.056850852958
0.994024734576 -0.056850852958
0.996244118876 -0.0357348218593
0.995561231399 -0.0422320621974
0.994880777044 0.0477547164847
0.996670923549 0.031674046648
0.997236738839 0.0253392373184
0.997097728222 0.0276132714367
0.993651579585 -0.0594497490932
0.994880777044 -0.0477547164847
0.995134426726 -0.0462928374086
0.996670923549 -0.031674046648
0.9946759108 -0.0497038885861
0.999317112523 0.00649724033805
0.997097728222 -0.0276132714367
0.995597808894 0.0409326141297
0.994579580651 -0.0515718451833
0.994664941585 0.0507596901411
0.995091746259 0.0466989149298
0.993469888501 -0.0621298607327
0.994664941585 -0.0507596901411
0.994522261118 -0.0511657676622
0.998056203812 0.0175425489127
0.995177107193 0.0458867598875
0.997851337569 -0.0194917210142
0.997524532896 0.0235524962254
0.998378142242 0.0154309458029
0.999317112523 -0.00649724033805
0.996519706989 0.0321613396734
0.993395496781 0.06188621422
0.994494219716 -0.0523840002256
0.994238136912 -0.0548204653523
0.994579580651 0.0515718451833
0.99462469424 0.0501911816115
0.994112528632 0.055064111865
0.994112528632 -0.055064111865
0.996519706989 -0.0321613396734
0.995085643287 -0.0458055443833
0.994792982987 0.0495414575777
0.996724573232 0.030212167572
0.993497929902 -0.0609116281693
0.998465936298 0.0136442047099
0.996724573232 -0.030212167572
0.997134305718 -0.0263138233691
0.99529050953 0.0438563722819
0.9977806157 0.0211160310987
0.99411009551 -0.0560386979157
0.99411009551 0.0560386979157
0.998463503177 -0.0146187907606
0.997439171961 -0.0243646512677
0.998465936298 -0.0136442047099
0.994494219716 0.0523840002256
0.994238136912 0.0548204653523
0.994317394875 -0.0531149397636
0.993597929902 0.0609116281693
0.995262468128 0.0450746048453
0.996414840745 0.0341105117748
0.997492821643 0.0229027721916
0.996007541381 0.0370342699269
0.996414840745 -0.0341105117748
0.99539050953 -0.0438563722819
0.994931993604 0.0472674234593
0.997339171961 0.0243646512677
0.997134305718 0.0263138233691
0.997183089157 0.0268011163945
0.993600363024 -0.0599370421186
0.994931993604 -0.0472674234594
0.99462469424 -0.0501911816115
0.998975668784 0.00974586050708
0.997183089157 -0.0268011163945
0.995495375773 0.0419072001805
0.995239292969 0.0443436653072
0.997695254765 0.0219281861409
0.994152775978 -0.0556326203946
0.994067415043 -0.0564447754369
0.994067415043 0.0564447754369
0.994152775978 0.0556326203946
0.997524532896 -0.0235524962254
0.997353811026 -0.02517680631
0.998363503177 -0.0146187907606
0.99856836942 -0.0126696186592
0.99650020168 0.0332983567325
0.996109974502 0.0360596838762
0.99650020168 -0.0332983567325
0.996329479811 -0.034922666817
0.995475870464 -0.0430442172396
0.995305148595 -0.0446685273241
0.99714040869 0.0272071939156
0.997225769624 0.0263950388733
0.99714040869 -0.0272071939156
0.997652574298 0.0223342636621
0.997737935232 0.0215221086198
0.993651579585 0.0594497490932
0.994214961753 -0.0540895258143
0.994214961753 0.0540895258143
0.994317394875 0.0531149397636
0.993856445828 0.0575005769918
0.993856445828 -0.0575005769918
0.996007541381 -0.0370342699269
0.995597808894 -0.0409326141297
0.994963704857 0.0479171474932
0.996713604017 0.0312679691269
0.997353811026 0.02517680631
0.996929439475 0.0282629954705
0.993768651772 -0.0592873180848
0.994963704857 -0.0479171474932
0.995091746259 -0.0466989149298
0.996713604017 -0.0312679691269
0.994792982987 -0.0495414575777
0.999490267514 0.00389834420283
0.996929439475 -0.0282629954705
0.995731953268 0.0406077521128
0.997185522279 -0.0258265303438
0.996673356671 -0.0306994605973
0.998363503177 0.0146187907606
0.996468490428 0.0326486326987
0.996570923549 0.031674046648
0.998158636933 0.016567962862
0.998122059438 0.0178674109297
0.998056203812 -0.0175425489127
0.997646471326 -0.0214408931156
0.998975668784 -0.00974586050708
0.998335461775 0.015837023324
0.999490267514 -0.00389834420283
0.996628243082 0.0320801241691
0.993469888501 0.0621298607327
0.996673356671 0.0306994605973
0.99475030252 0.0499475350988
0.995136859847 -0.0453182513579
0.995034426726 -0.0462928374086
0.996570923549 -0.031674046648
0.996468490428 -0.0326486326987
0.996628243082 -0.0320801241691
0.995177107193 -0.0458867598875
0.994727127361 0.0492165955608
0.996841645419 0.0300497365635
0.99856836942 0.0126696186592
0.998548864111 0.0138066357184
0.996841645419 -0.0300497365635
0.995341726091 0.0433690792565
0.997748904447 0.0204663070649
0.99401009551 -0.0560386979157
0.99401009551 0.0560386979157
0.998378142242 -0.0154309458029
0.997339171961 -0.0243646512677
0.998548864111 -0.0138066357184
0.99364061037 0.0605055506481
0.993555249435 0.0613177056904
0.994408858782 -0.0531961552678
0.993497929902 0.0609116281693
0.996329479811 0.034922666817
0.996314840745 0.0341105117748
0.997567213363 0.0231464187043
0.996073397007 0.0373591319438
0.996314840745 -0.0341105117748
0.99529050953 -0.0438563722819
0.997185522279 0.0258265303438
0.997390388522 0.0238773582424
0.997083089157 0.0268011163945
0.997225769624 -0.0263950388733
0.999146390654 0.00812155042257
0.998804946915 0.0113701705916
0.998875668784 0.00974586050708
0.997083089157 -0.0268011163945
0.995444159212 0.0423944932058
0.995347829062 0.044262449803
0.997595254765 0.0219281861409
0.998804946915 -0.0113701705916
0.999146390654 -0.00812155042257
0.995646592334 0.0414199071551
0.996980656036 -0.0277757024452
0.997311130559 -0.0255828838311
0.995006385324 -0.047511069972
0.998517152859 -0.0131569116846
0.993725971304 -0.0596933956059
0.996161191063 0.0355723908509
0.996980656036 0.0277757024452
0.996286799343 -0.0353287443382
0.995006385324 0.047511069972
0.995262468128 -0.0450746048453
0.995495375773 -0.0419072001805
0.996109974502 -0.0360596838762
0.993907662389 -0.0570132839664
0.993907662389 0.0570132839664
0.993600363024 0.0599370421186
0.993768651772 0.0592873180848
0.994323497847 -0.0540083103101
0.994323497847 0.0540083103101
0.994408858782 0.0531961552678
0.993939373641 0.0576630080002
0.993939373641 -0.0576630080002
0.996073397007 -0.0373591319438
0.995731953268 -0.0406077521128
0.994829560483 0.0482420095101
0.997311130559 0.0255828838311
0.9972879554 0.0248519442931
0.997012367288 0.028425426479
0.993702796146 -0.0589624560678
0.994829560483 -0.0482420095101
0.999285401271 0.00584751630425
0.99475030252 -0.0499475350988
0.994727127361 -0.0492165955608
0.999658556261 0.00324862016903
0.997012367288 -0.028425426479
0.995700242016 0.039958028079
0.997544038204 -0.0224154791663
0.998158636933 -0.016567962862
0.998312286616 0.015106083786
0.996542882147 0.0328922792114
0.998207420373 0.0170552558874
0.998209853494 0.0160806698367
0.99795377069 0.0185171349635
0.998122059438 -0.0178674109297
0.9977806157 -0.0211160310987
0.998875668784 -0.00974586050708
0.999285401271 -0.00584751630425
0.999658556261 -0.00324862016903
0.996542882147 -0.0328922792114
0.996798964951 -0.0304558140846
0.996798964951 0.0304558140846
0.994835663455 0.0491353800565
0.996775789792 0.0297248745466
0.998517152859 0.0131569116846
0.998414719737 0.0141314977353
0.996775789792 -0.0297248745466
0.997697687886 0.0209536000902
0.995433189997 0.0434502947607
0.997865976634 0.0203038760564
0.997390388522 -0.0238773582424
0.998335461775 -0.015837023324
0.998312286616 -0.015106083786
0.9972879554 -0.0248519442931
0.998414719737 -0.0141314977353
0.995341726091 -0.0433690792565
0.996366057306 -0.0336232187494
0.996263624185 0.0345978048001
0.996286799343 0.0353287443382
0.996366057306 0.0336232187494
0.996158757941 0.0365469769016
0.995905108259 0.0380088559776
0.996263624185 -0.0345978048001
0.995239292969 -0.0443436653072
0.997481852428 0.0239585737466
0.998773235663 0.0107204465578
0.999231751588 0.00730939538031
0.99871958598 0.0121823256339
0.998978101906 0.00877127445637
0.995518550932 0.0426381397185
0.995689272801 0.041013829634
0.995603911866 0.0418259846762
0.99871958598 -0.0121823256339
0.999231751588 -0.00730939538031
0.995546592334 0.0414199071551
0.998591544579 -0.0134005581972
0.999487834392 -0.00487293025354
0.998978101906 -0.00877127445637
0.997695254765 -0.0219281861409
0.998207420373 -0.0170552558874
0.99825010084 0.0166491783663
0.995649025455 0.0404453211044
0.995444159212 -0.0423944932058
0.996161191063 -0.0355723908509
0.997055047755 -0.0280193489579
0.995646592334 -0.0414199071551
0.993725971304 0.0596933956059
0.993702796146 0.0589624560678
0.996158757941 -0.0365469769016
0.993982054108 -0.0572569304791
0.993982054108 0.0572569304791
0.993805229267 0.0579878700171
0.993805229267 -0.0579878700171
0.995905108259 -0.0380088559776
0.995700242016 -0.039958028079
0.994921024389 0.0483232250143
0.997055047755 0.0280193489579
0.997396491494 0.0247707287888
0.996878222914 0.0287502884959
0.993811332239 -0.0588812405636
0.994921024389 -0.0483232250143
0.999182968149 0.00682210235496
0.999487834392 0.00487293025354
0.994835663455 -0.0491353800565
0.999695133757 0.00194917210142
0.996878222914 -0.0287502884959
0.995817314203 0.0397955970706
0.997492821643 -0.0229027721916
0.998209853494 -0.0160806698367
0.998420822709 0.0150248682818
0.998164739905 0.0174613334085
0.998107420373 0.0170552558874
0.998004987251 0.0180298419381
0.998036698503 0.0186795659719
0.99795377069 -0.0185171349635
0.997748904447 -0.0204663070649
0.998773235663 -0.0107204465578
0.999182968149 -0.00682210235496
0.999695133757 -0.00194917210142
0.997737935232 -0.0215221086198
0.999029318467 0.00828398143102
0.998762266448 0.0117762481127
0.998676905513 0.012588403155
0.996884325886 0.0296436590424
0.998591544579 0.0134005581972
0.998506183644 0.0142127132395
0.996884325886 -0.0296436590424
0.99595632482 0.0375215629523
0.997823296167 0.0207099535776
0.997800121008 0.0199790140395
0.997481852428 -0.0239585737466
0.996201438409 0.0361408993804
0.998420822709 -0.0150248682818
0.997396491494 -0.0247707287888
0.998506183644 -0.0142127132395
0.995433189997 -0.0434502947607
0.996457521213 -0.0337044342537
0.996372160278 0.0345165892959
0.996116077474 0.0369530544227
0.996457521213 0.0337044342537
0.996058757941 0.0365469769016
0.995988036072 0.0381712869861
0.996372160278 -0.0345165892959
0.995347829062 -0.044262449803
0.998722019102 0.0112077395831
0.99889030785 0.0105580155493
0.999189071121 0.00771547290144
0.99861958598 0.0121823256339
0.999061029719 0.00893370546483
0.999029318467 -0.00828398143102
0.999592700635 -0.00292375815212
0.998676905513 -0.012588403155
0.998762266448 -0.0117762481127
0.99861958598 -0.0121823256339
0.999189071121 -0.00771547290144
0.999402473458 -0.0056850852958
0.999573195327 -0.00406077521128
0.998164739905 -0.0174613334085
0.99825010084 -0.0166491783663
0.997652574298 -0.0223342636621
0.999387834392 -0.00487293025354
0.999061029719 -0.00893370546483
0.997595254765 -0.0219281861409
0.998107420373 -0.0170552558874
0.99923418471 -0.0063348093296
0.996116077474 -0.0369530544227
0.995518550932 -0.0426381397185
0.995603911866 -0.0418259846762
0.995689272801 -0.041013829634
0.995546592334 -0.0414199071551
0.996201438409 -0.0361408993804
0.993811332239 0.0588812405636
0.996058757941 -0.0365469769016
0.995649025455 -0.0404453211044
0.99595632482 -0.0375215629523
0.993896693174 0.0580690855214
0.993896693174 -0.0580690855214
0.995988036072 -0.0381712869861
0.995817314203 -0.0397955970706
0.995774633736 0.0402016745917
0.999573195327 0.00406077521128
0.999402473458 0.0056850852958
0.996969686821 0.0288315040001
0.999131751588 0.00730939538031
0.99923418471 0.0063348093296
0.999274432056 0.00690331785918
0.999387834392 0.00487293025354
0.999592700635 0.00292375815212
0.999829278131 0.00162431008451
0.996969686821 -0.0288315040001
0.995751458577 0.0394707350537
0.997567213363 -0.0231464187043
0.999131751588 -0.00730939538031
0.998722019102 -0.0112077395831
0.997697687886 -0.0209536000902
0.998004987251 -0.0180298419381
0.998079378971 0.0182734884508
0.99790255413 0.0190044279888
0.998036698503 -0.0186795659719
0.997865976634 -0.0203038760564
0.99889030785 -0.0105580155493
0.999274432056 -0.00690331785918
0.999829278131 -0.00162431008451
0.997908657101 0.0198977985353
0.99603071654 0.0377652094649
0.995853891698 0.038496149003
0.998847627382 0.0109640930705
0.998824452224 0.0102331535324
0.999103710186 0.0085276279437
0.998926885345 0.00925856748173
0.999541484075 -0.00341105117748
0.99935979299 -0.00609116281693
0.999103710186 -0.0085276279437
0.999439050953 -0.00438563722819
0.999336617831 -0.0053602232789
0.998926885345 -0.00925856748173
0.995774633736 -0.0402016745917
0.99603071654 -0.0377652094649
0.995853891698 -0.038496149003
0.995751458577 -0.0394707350537
0.99935979299 0.00609116281693
0.999743917196 0.00243646512677
0.999336617831 0.0053602232789
0.999439050953 0.00438563722819
0.999541484075 0.00341105117748
0.999797566878 0.000974586050708
0.99585999467 0.0393895195495
0.998847627382 -0.0109640930705
0.997823296167 -0.0207099535776
0.998079378971 -0.0182734884508
0.997994018036 0.019085643493
0.99790255413 -0.0190044279888
0.997800121008 -0.0199790140395
0.998824452224 -0.0102331535324
0.999743917196 -0.00243646512677
0.999797566878 -0.000974586050708
0.995945355605 0.0385773645072
0.998932988317 0.0101519380282
0.999018349252 0.00933978298595
0.999615875794 -0.00365469769016
0.99953051486 -0.00446685273241
0.999445153925 -0.00527900777467
0.999018349252 -0.00933978298595
0.999746350318 0.00146187907606
0.999786597663 0.00203038760564
0.995945355605 -0.0385773645072
0.99585999467 -0.0393895195495
0.999701236729 0.0028425426479
0.999643917196 0.00243646512677
0.999445153925 0.00527900777467
0.99953051486 0.00446685273241
0.999615875794 0.00365469769016
0.999914639065 0.000812155042257
0.999746350318 -0.00146187907606
0.999701236729 -0.0028425426479
0.999786597663 -0.00203038760564
0.997994018036 -0.019085643493
0.997908657101 -0.0198977985353
0.998932988317 -0.0101519380282
0.999643917196 -0.00243646512677
0.999914639065 -0.000812155042257
0.999871958598 0.00121823256339
0.999848783439 0.000487293025354
0.999871958598 -0.00121823256339
0.999848783439 -0.000487293025354
0.999957319533 0.000406077521128
0.999957319533 -0.000406077521128
0.993576589669 -0.0611146669298
0.993472321622 -0.0611552746819
0.994600920884 -0.0513688064227
0.994496652838 -0.0514094141749
0.99398448723 -0.0562823444284
0.994088755277 -0.0562417366763
0.997057480877 -0.0270447629072
0.997161748923 -0.027004155155
0.994547869398 0.0509221211495
0.994643601352 0.0509627289016
0.995060035006 0.046049190896
0.99515576696 0.0460897986481
0.994291786595 -0.0533585862763
0.994387518548 -0.0533991940284
0.995008818445 0.0465364839213
0.995113086492 0.0464958761692
0.994496652838 0.0514094141749
0.994600920884 0.0513688064227
0.995264901249 0.0441000187945
0.995369169296 0.0440594110424
0.994240570034 0.0538458793016
0.994344838081 0.0538052715495
0.99659653183 0.0314304001353
0.996692263783 0.0314710078875
0.995008818445 -0.0465364839213
0.995113086492 -0.0464958761692
0.994547869398 -0.0509221211495
0.994643601352 -0.0509627289016
0.998337894896 0.0148624372733
0.998442162943 0.0148218295212
0.996649583316 -0.0318770854086
0.996545315269 -0.0319176931607
0.994752735642 0.0489729490481
0.994857003688 0.048932341296
0.993523538183 -0.0606679816566
0.993619270136 -0.0607085894087
0.994035703791 0.055795051403
0.994131435744 0.0558356591552
0.993523538183 0.0606679816566
0.993619270136 0.0607085894087
0.997108697437 0.0265574698818
0.997204429391 0.0265980776339
0.997620863045 0.0216845396283
0.997716594999 0.0217251473804
0.997364780241 -0.024121004755
0.997460512195 -0.0241616125071
0.998698245747 -0.0123853643944
0.9985939777 -0.0124259721465
0.996340449026 -0.0338668652621
0.996436180979 -0.0339074730142
0.99531611781 -0.0436127257692
0.995411849763 -0.0436533335213
0.994344838081 -0.0538052715495
0.994240570034 -0.0538458793016
0.994291786595 0.0533585862763
0.994387518548 0.0533991940284
0.996033149661 -0.0367906234142
0.996137417708 -0.0367500156621
0.997313563681 0.0246082977804
0.997417831727 0.0245676900283
0.994803952202 -0.0484856560227
0.994899684156 -0.0485262637748
0.996545315269 0.0319176931607
0.996649583316 0.0318770854086
0.998081812092 -0.0172989024001
0.998186080139 -0.017258294648
0.995060035006 -0.046049190896
0.99515576696 -0.0460897986481
0.99659653183 -0.0314304001353
0.996692263783 -0.0314710078875
0.996801398073 0.0294812280339
0.99690566612 0.0294406202818
0.99531611781 0.0436127257692
0.995411849763 0.0436533335213
0.994035703791 -0.055795051403
0.994131435744 -0.0558356591552
0.99398448723 0.0562823444284
0.994088755277 0.0562417366763
0.998389111457 -0.0143751442479
0.99848484341 -0.0144157520001
0.993472321622 0.0611552746819
0.993576589669 0.0611146669298
0.996289232465 0.0343541582875
0.996393500512 0.0343135505354
0.997364780241 0.024121004755
0.997460512195 0.0241616125071
0.997057480877 0.0270447629072
0.997161748923 0.027004155155
0.997108697437 -0.0265574698818
0.997204429391 -0.0265980776339
0.997569646485 0.0221718326536
0.997673914531 0.0221312249015
0.995572200614 0.0411762606424
0.995667932567 0.0412168683945
0.9956252521 -0.0416229459157
0.995520984053 -0.0416635536678
0.993728404426 0.0587188095552
0.993832672473 0.0586782018031
0.993779620987 -0.0582315165298
0.99387535294 -0.0582721242819
0.994803952202 0.0484856560227
0.994899684156 0.0485262637748
0.993832672473 -0.0586782018031
0.993728404426 -0.0587188095552
0.994857003688 -0.048932341296
0.994752735642 -0.0489729490481
0.996852614634 -0.0289939350086
0.996948346587 -0.0290345427607
0.997673914531 -0.0221312249015
0.997569646485 -0.0221718326536
0.998133028653 0.0168116093747
0.998228760606 0.0168522171268
0.998389111457 0.0143751442479
0.99848484341 0.0144157520001
0.99690566612 -0.0294406202818
0.996801398073 -0.0294812280339
0.997825729288 0.0197353675268
0.997929997335 0.0196947597747
0.998442162943 -0.0148218295212
0.998337894896 -0.0148624372733
0.997417831727 -0.0245676900283
0.997313563681 -0.0246082977804
0.996340449026 0.0338668652621
0.996436180979 0.0339074730142
0.996084366222 0.0363033303889
0.996180098175 0.036343938141
0.996393500512 -0.0343135505354
0.996289232465 -0.0343541582875
0.995369169296 -0.0440594110424
0.995264901249 -0.0441000187945
0.998645194261 0.0119386791212
0.998740926214 0.0119792868733
0.999106143308 -0.00755304189299
0.999210411355 -0.00751243414088
0.995520984053 0.0416635536678
0.9956252521 0.0416229459157
0.993779620987 0.0582315165298
0.99387535294 0.0582721242819
0.996852614634 0.0289939350086
0.996948346587 0.0290345427607
0.999157359869 0.00706574886763
0.999253091822 0.00710635661975
0.995777066857 0.039227088541
0.995881334904 0.0391864807889
0.998081812092 0.0172989024001
0.998186080139 0.017258294648
0.996033149661 0.0367906234142
0.996137417708 0.0367500156621
0.998850060504 0.00998950701976
0.998954328551 0.00994889926765
0.9985939777 0.0124259721465
0.998698245747 0.0123853643944
0.999722576962 -0.00263950388733
0.999618308916 -0.00268011163945
0.998645194261 -0.0119386791212
0.998740926214 -0.0119792868733
0.999413442673 -0.00462928374086
0.999509174626 -0.00466989149298
0.998901277065 -0.00950221399441
0.998997009018 -0.00954282174652
0.997620863045 -0.0216845396283
0.997716594999 -0.0217251473804
0.998133028653 -0.0168116093747
0.998228760606 -0.0168522171268
0.995572200614 -0.0411762606424
0.995667932567 -0.0412168683945
0.996084366222 -0.0363033303889
0.996180098175 -0.036343938141
0.995828283418 -0.0387397955157
0.995924015371 -0.0387804032678
0.999362226112 0.00511657676622
0.999466494159 0.00507596901411
0.999106143308 0.00755304189299
0.999210411355 0.00751243414088
0.999157359869 -0.00706574886763
0.999253091822 -0.00710635661975
0.997876945849 0.0192480745015
0.997972677802 0.0192886822536
0.997876945849 -0.0192480745015
0.997972677802 -0.0192886822536
0.995828283418 0.0387397955157
0.995924015371 0.0387804032678
0.998901277065 0.00950221399441
0.998997009018 0.00954282174652
0.999466494159 -0.00507596901411
0.999362226112 -0.00511657676622
0.995881334904 -0.0391864807889
0.995777066857 -0.039227088541
0.999669525476 0.00219281861409
0.99976525743 0.00223342636621
0.999413442673 0.00462928374086
0.999509174626 0.00466989149298
0.997929997335 -0.0196947597747
0.997825729288 -0.0197353675268
0.998954328551 -0.00994889926765
0.998850060504 -0.00998950701976
0.999618308916 0.00268011163945
0.999722576962 0.00263950388733
0.99987439172 0.000243646512677
0.999978659766 0.000203038760564
0.999669525476 -0.00219281861409
0.99976525743 -0.00223342636621
0.999978659766 -0.000203038760564
0.99987439172 -0.000243646512677
0.996606902848 0.0322831629297
0.995582571633 0.0420290234368
0.993533909202 0.061520744451
0.994174116211 -0.055429581634
0.996222778642 -0.0359378606199
0.995198447427 -0.0456837211269
0.997247109858 -0.0261920001128
0.99865556528 0.0127914419155
0.994558240417 0.0517748839439
0.994814323221 0.0493384188171
0.995070406025 0.0469019536903
0.994686281819 -0.0505566513805
0.996862985652 0.0298466978029
0.993661950603 -0.0603025118876
0.994942364623 -0.0481201862537
0.99673494425 -0.0310649303663
0.997631234064 0.0225373024226
0.994302157613 0.0542113490706
0.994046074809 0.0566478141974
0.993533909202 -0.061520744451
0.993789992005 0.0590842793242
0.994430199015 -0.0529931165073
0.993918033407 -0.0578660467608
0.999679896495 0.00304558140846
0.996991027054 -0.0286284652396
0.994558240417 -0.0517748839439
0.994686281819 0.0505566513805
0.995198447427 0.0456837211269
0.998271441074 -0.0164461396057
0.999295772289 -0.00670027909862
0.995326488829 0.0444654885636
0.997887316868 0.0201008372959
0.99737515126 0.0249737675494
0.997119068456 0.0274102326762
0.994046074809 -0.0566478141974
0.994174116211 0.055429581634
0.998527523878 -0.0140096744789
0.996094737241 0.0371560931833
0.997247109858 0.0261920001128
0.997119068456 -0.0274102326762
0.997759275466 0.0213190698592
0.99673494425 0.0310649303663
0.995070406025 -0.0469019536903
0.995838654437 0.03959255831
0.998399482476 0.0152279070423
0.998143399672 0.0176643721691
0.996606902848 -0.0322831629297
0.997503192662 -0.023755534986
0.993661950603 0.0603025118876
0.996350820044 0.0347196280565
0.996478861446 -0.0335013954931
0.995454530231 -0.0432472560002
0.999167730887 0.007918511662
0.998911648083 0.0103549767888
0.998783606681 -0.0115732093522
0.999039689485 -0.00913674422539
0.994302157613 -0.0542113490706
0.994430199015 0.0529931165073
0.995966695839 -0.0383743257466
0.995710613035 -0.0408107908734
0.99801535827 -0.0188826047325
0.997759275466 -0.0213190698592
0.995454530231 0.0432472560002
0.997503192662 0.023755534986
0.995710613035 0.0408107908734
0.998271441074 0.0164461396057
0.994942364623 0.0481201862537
0.993789992005 -0.0590842793242
0.994814323221 -0.0493384188171
0.998783606681 0.0115732093522
0.998527523878 0.0140096744789
0.996862985652 -0.0298466978029
0.996222778642 0.0359378606199
0.998399482476 -0.0152279070423
0.99737515126 -0.0249737675494
0.996478861446 0.0335013954931
0.996350820044 -0.0347196280565
0.995326488829 -0.0444654885636
0.99865556528 -0.0127914419155
0.999167730887 -0.007918511662
0.998143399672 -0.0176643721691
0.997631234064 -0.0225373024226
0.999551855093 -0.00426381397185
0.996094737241 -0.0371560931833
0.995582571633 -0.0420290234368
0.993918033407 0.0578660467608
0.996991027054 0.0286284652396
0.999295772289 0.00670027909862
0.999423813691 0.00548204653523
0.999935979299 0.000609116281693
0.999807937897 -0.00182734884508
0.99801535827 0.0188826047325
0.995966695839 0.0383743257466
0.999039689485 0.00913674422539
0.999423813691 -0.00548204653523
0.999807937897 0.00182734884508
0.995838654437 -0.03959255831
0.999551855093 0.00426381397185
0.999679896495 -0.00304558140846
0.997887316868 -0.0201008372959
0.998911648083 -0.0103549767888
0.999935979299 -0.000609116281693
0.996494098708 0.032404986186
0.995469767493 0.0421508466931
0.993421105061 0.0616425677073
0.994086920351 -0.0553077583777
0.996135582783 -0.0358160373635
0.995111251567 -0.0455618978706
0.997159913998 -0.0260701768564
0.998542761139 0.0129132651719
0.994445436277 0.0518967072002
0.994701519081 0.0494602420734
0.994957601885 0.0470237769467
0.994599085959 -0.0504348281242
0.996750181512 0.0299685210593
0.993574754744 -0.0601806886312
0.994855168763 -0.0479983629974
0.99664774839 -0.03094310711
0.997518429924 0.022659125679
0.994189353473 0.054333172327
0.993933270669 0.0567696374538
0.993421105061 -0.0616425677073
0.993677187865 0.0592061025805
0.994343003155 -0.0528712932509
0.993830837548 -0.0577442235045
0.999567092355 0.0031674046648
0.996903831194 -0.0285066419832
0.994445436277 -0.0518967072002
0.994599085959 0.0504348281242
0.995111251567 0.0455618978706
0.998184245214 -0.0163243163494
0.999208576429 -0.00657845584228
0.995213684689 0.0445873118199
0.997774512728 0.0202226605522
0.99726234712 0.0250955908057
0.997006264316 0.0275320559325
0.993933270669 -0.0567696374538
0.994086920351 0.0553077583777
0.998440328018 -0.0138878512226
0.9959819331 0.0372779164396
0.997159913998 0.0260701768564
0.997006264316 -0.0275320559325
0.997672079606 0.0211972466029
0.99664774839 0.03094310711
0.994957601885 -0.0470237769467
0.995725850296 0.0397143815664
0.998286678335 0.0153497302987
0.998030595532 0.0177861954254
0.996494098708 -0.032404986186
0.997415996802 -0.0236337117297
0.993574754744 0.0601806886312
0.996238015904 0.0348414513128
0.996391665587 -0.0333795722368
0.995367334371 -0.0431254327438
0.999054926747 0.00804033491834
0.998798843943 0.0104768000451
0.998696410822 -0.0114513860958
0.998952493626 -0.00901492096905
0.994189353473 -0.054333172327
0.994343003155 0.0528712932509
0.995879499979 -0.0382525024903
0.995623417175 -0.0406889676171
0.99792816241 -0.0187607814761
0.997672079606 -0.0211972466029
0.995367334371 0.0431254327438
0.997415996802 0.0236337117297
0.995623417175 0.0406889676171
0.998184245214 0.0163243163494
0.994855168763 0.0479983629974
0.993677187865 -0.0592061025805
0.994701519081 -0.0494602420734
0.998696410822 0.0114513860958
0.998440328018 0.0138878512226
0.996750181512 -0.0299685210593
0.996135582783 0.0358160373635
0.998286678335 -0.0153497302987
0.99726234712 -0.0250955908057
0.996391665587 0.0333795722368
0.996238015904 -0.0348414513128
0.995213684689 -0.0445873118199
0.998542761139 -0.0129132651719
0.999054926747 -0.00804033491834
0.998030595532 -0.0177861954254
0.997518429924 -0.022659125679
0.999464659233 -0.00414199071551
0.9959819331 -0.0372779164396
0.995469767493 -0.0421508466931
0.993830837548 0.0577442235045
0.996903831194 0.0285066419832
0.999208576429 0.00657845584228
0.999311009551 0.00560386979157
0.999823175159 0.000730939538031
0.999720742037 -0.00170552558874
0.99792816241 0.0187607814761
0.995879499979 0.0382525024903
0.998952493626 0.00901492096905
0.999311009551 -0.00560386979157
0.999720742037 0.00170552558874
0.995725850296 -0.0397143815664
0.999464659233 0.00414199071551
0.999567092355 -0.0031674046648
0.997774512728 -0.0202226605522
0.998798843943 -0.0104768000451
0.999823175159 -0.000730939538031
0.993192868947 0.0628395032272
0.993192868947 -0.0628395032272
0.993268574584 0.0626065052363
0.993268574584 -0.0626065052363
0.993384527566 0.0629420157749
0.993384527566 -0.0629420157749
0.993256486164 -0.0641602483383
0.993256486164 0.0641602483383
0.992829681491 0.0682210235496
0.992829681491 -0.0682210235496
0.989710409671 0.0735574108098
0.989710409671 -0.0735574108098
0.990439575321 -0.0909613647328
0.986076539122 -0.0847413143744
0.990439575321 0.0909613647328
0.986076539122 0.0847413143744
0.98361070055 -0.155933768113
0.98361070055 0.155933768113
0.352622830876 -0.312689767572
0.352622830876 0.312689767572
0.602741302341 -0.457095734402
0.787362754616 -0.411479908824
0.945846529188 -0.307324166947
0.602741302341 0.457095734402
0.787362754616 0.411479908824
0.945846529188 0.307324166947
0.462221702426 -0.327136111669
0.349711826982 -0.202181235959
0.462221702426 0.327136111669
0.235152434498 0.0488469374636
0.349711826982 0.202181235959
0.297752668013 -0.0422673877927
0.375537176193 -0.561812890921
0.415882184216 -0.255730789985
0.375537176193 0.561812890921
0.41880471886 0.253099327972
0.107259631365 0.263860492188
0.321925930174 0.0414028428339
0.285857007701 0.130426504274
0.231130595343 0.243417448745
0.0210034184976 -0.165346419125
0.340161911726 -0.116885990365
0.182973568539 -0.15686260144
0.25608362993 -0.115310732274
0.166784340443 -0.0432837177783
0.392297881472 -0.434655848785
0.392297881472 0.434655848785
0.302907886758 0.258706746818
0.243016239093 0.363746830472
0.244401772704 -0.260247908602
0.0728538152672 0.0978525620607
0.174972783459 0.142797831706
0.0993555921357 -0.110838056219
0.0650492206017 -0.00916659854223
0.401584911595 -0.364198713426
0.401584911595 0.364198713426
0.178394044501 0.309378247838
0.0642438535263 0.510645610888
0.139997299773 0.42060548648
0.321983702243 0.390092650308
0.245046274983 0.489181319357
0.274170524113 -0.189707889883
0.107770256527 -0.271487955191
0.109798628954 -0.190836386379
0.145192807237 0.0441714176695
0.162903360841 0.215515221859
-0.219342996508 0.0653674582812
-0.0110975215872 0.370371780708
0.2107285753 0.42700304661
0.155951105637 0.510914780689
0.238270478691 0.654891488484
0.217821435912 0.571061724715
0.295804785457 0.551524545173
0.100412080801 0.644111020956
0.109923957178 0.56989998848
-0.0702298536374 0.0544930724905
0.0544624198021 0.425529317735
0.069585938531 0.341012728423
0.00964696150514 0.0486678897676
0.84826302512 -0.350820054495
0.861281226009 -0.497260947684
0.84826302512 0.350820054495
0.861281226009 0.497260947684
0.490439335419 -0.512275122737
0.499442865949 0.42783914134
0.548093084228 0.352627150656
0.515760677449 0.567214672091
0.630982386527 0.375794916585
0.697570460233 0.444480699238
0.706174813942 0.369519021736
0.768694820428 0.504155697904
0.739073800367 0.665465038885
0.621455744978 0.629889726804
0.661772587713 0.538112784175
0.590540790232 0.561565148841
0.727923347375 0.585096665241
0.450512398038 0.504210817679
0.536454664687 0.494148867066
0.488056339354 0.760669143433
0.584565303179 0.804585114631
0.538696619314 0.648995038951
0.415434079423 0.683412428596
0.182047137394 -0.471625618353
0.254153033634 -0.378010347748
0.284082312506 -0.316247124753
0.180933125872 -0.324788342487
0.0708382777353 -0.399046463715
0.29223251451 -0.481917484005
0.320670290054 -0.412564541522
0.222034685511 -0.638488158473
0.285093501377 -0.572738529995
0.201088338229 -0.555285166537
0.0552030516581 -0.544492463912
0.345610767196 -0.69389299517
0.156111080014 0.818686323376
-0.209999059522 0.656596971411
0.511991979501 -0.414270339134
0.588001339354 -0.370766458163
0.532440089332 -0.327824139433
0.418204719274 -0.502753800977
0.606648866369 -0.606917537643
0.587174845627 0.719259619901
0.407639392125 0.812771672507
0.484150699551 0.691579227628
0.329095581097 0.867657268858
0.444024299367 0.606687083731
0.330934921596 0.643791796854
0.338292776623 0.738015900541
0.262697216255 0.813344827704
0.404508497187 0.90854096004
0.20564630388 0.741030192361
0.112694949223 0.73636527263
0.167174317692 0.677211919051
-0.00993382086205 0.853649060163
0.0681034689623 0.812492185331
0.106199492829 0.89952825388
-0.038603483135 0.704727251997
0.210528918427 0.913796480839
0.0328298438156 0.740707366531
0.150521213654 -0.398441932555
-0.0346523239886 -0.299378092785
0.100065859559 -0.475751766496
0.22056384808 -0.807284473579
0.479344069329 -0.644565666801
0.570282516088 -0.532904164359
-0.00150346909807 0.600096070567
0.0301199465686 0.666871785664
-0.107646451542 0.621353036373
-0.0609473658659 0.487516161201
-0.00395453626287 0.52940667768
-0.202085361457 0.51333521538
-0.176865119126 0.586577819357
0.043734107829 -0.322073294156
-0.198021932349 -0.152968800675
-0.0828814290638 -0.456085208365
0.258259028527 -0.723208371641
0.449548895255 -0.575456177998
0.445734401241 -0.759393673953
0.419960517168 -0.689517061132
0.339389065972 -0.81267771601
0.558723378712 -0.769016757004
0.377059233799 -0.755095502086
0.277182114183 -0.871546730197
0.206772728821 -0.972789205832
0.419527487399 -0.83985447481
0.599103193845 -0.69282094089
0.506434301881 -0.71482756921
0.000699444048888 -0.762210942886
0.134346388156 -0.883427132709
0.207485437486 -0.898180413588
0.113136897431 -0.772527329883
0.172719547542 -0.7096785748
0.121642931789 -0.621620662216
0.0115776903279 -0.649252749747
-0.0749921987323 -0.867913115457
0.0620792354098 -0.711119117031
-0.0527181489342 -0.561014406697
-6.10622663544e-16 -0.994521895368
0.0507305326744 -0.83480769474
-0.35046424005 -0.589805427085
-0.204263106964 -0.547777985699
-0.125946195012 -0.525264757811
-0.463909908495 0.570721628165
-0.153758165138 0.378842486328
-0.0906784708195 -0.197542444273
-0.0219720510327 -0.22607231861
-0.0661919685709 -0.0726818328759
-0.207934935549 -0.328382109191
-0.193463694941 -0.437868581518
-0.0463822227712 -0.141398074327
-0.123972616563 -0.126181767673
-0.162989379531 -0.0260912344784
-0.126376668612 -0.28351181568
-0.203068533897 -0.240670363181
-0.436800864694 -0.183224749614
-0.314603535298 -0.190256337354
-0.093586499968 -0.367015358137
-0.0152203938256 -0.402774974331
-0.00459608046846 -0.485851901151
-0.376032771519 -0.406299830553
-0.0956160379853 -0.00996451060296
-0.14568092991 0.0476645218166
-0.122692350944 0.213912681456
-0.114928359777 0.128125591673
-0.0100958622569 0.180858127098
0.0167117623491 0.267419880135
-0.292452325877 -0.0586200801866
-0.295340851084 -0.483343660435
-0.381527942781 -0.287982288084
0.0758537314405 0.183800154734
-0.0749546934434 0.297890872301
-0.269573536747 -0.130151914894
-0.236308570778 -0.00817703033007
-0.344199233329 0.0554407661181
-0.371459357901 -0.113006986818
-0.569112207466 0.00540908513269
-0.482885500842 -0.074829628154
-0.282089579992 -0.388686639919
-0.292779770166 -0.299796119653
-0.390080732434 -0.50179126483
-0.62549642901 -0.41837969836
-0.532688182718 -0.618904083008
-0.499575104472 -0.43690426927
-0.445518400901 -0.579667658903
-0.466559440562 -0.506018895775
-0.429808603231 -0.731018188163
-0.462701383607 -0.657941791571
-0.584565303179 -0.804585114631
-0.280281070966 -0.558642936918
-0.23953019813 -0.74503415198
-0.229137020971 -0.645111575805
-0.129890269808 -0.626217048738
-0.321068213902 -0.68605139804
-0.388308320164 -0.653976136222
-0.377554193232 -0.218925113434
-0.402384997231 -0.0215726017187
-0.469889477515 0.0899161042871
-0.479686420307 0.00780347537452
-0.646382403165 -0.208335113294
-0.455368559375 -0.350698142057
-0.615434849575 -0.665072454519
-0.629790448105 -0.542106396908
-0.552474074721 -0.504616817102
-0.739073800367 -0.665465038885
-0.716816725319 -0.575096217823
-0.861281226009 -0.497260947684
-0.768336280226 -0.383249621811
-0.836477065749 -0.422590722676
-0.763284465663 -0.48835891095
-0.525158791729 -0.729995771018
-0.478139221262 -0.791640848968
-0.382910902891 -0.860031969022
-0.328048559902 -0.781551689652
-0.244712248927 -0.858015724125
-0.0690494082186 -0.698490996485
-0.157233555119 -0.71098004023
-0.545239447128 -0.165333765401
-0.681694638925 -0.47836716402
-0.31351716002 -0.879203875128
-0.206772728821 -0.972789205832
-0.569743559502 -0.0817195232783
-0.784062700939 -0.0365999305005
-0.672324181453 -0.0374096110756
-0.554397556385 -0.284242328664
-0.718120864406 0.218783201428
-0.728892132691 -0.133426440753
-0.469263376385 -0.264391638438
-0.657505659131 -0.315501864799
-0.727309724797 0.0849509300814
-0.644269220807 -0.123112131331
-0.861272936458 -0.144724398532
-0.692486914782 -0.382804436675
-0.727844313911 0.0111759157505
-0.647054088046 0.047480875046
-0.797692240191 -0.108496890864
0.0522642316338 -0.923208799485
-0.0522642316338 -0.939964882259
-0.0821336942248 -0.782847327843
-0.158049613598 -0.832053335376
-0.141918202453 -0.919049718235
-0.325027192835 0.578393430526
-0.0803208032256 0.410093162119
0.0185046557973 -0.0803409140733
-0.294456212654 0.21995510269
-0.554101628601 -0.370310677676
-0.770701571242 -0.254850695673
-0.945846529188 -0.307324166947
-0.69902366289 -0.257031910072
-0.854508626807 -0.231468747954
-0.8461843695 -0.327094977646
-0.845917450986 0.160326067485
-0.895483202093 -0.0386656737708
-0.841463444713 0.0535477438335
-0.989073800367 -0.103955845409
-0.933574118422 -0.150674711413
-0.795309439519 0.108955005469
-0.941272798982 0.10286648772
-0.916972556414 0.170391603262
-0.945846529188 0.307324166947
-0.930119325276 0.0283017613449
-0.360299230519 0.753972555558
-0.287142650206 0.127966364656
-0.201068354221 0.163574538803
-0.390405098168 0.166041587489
-0.400396465414 0.0969153234479
-0.439698281846 0.366103740244
-0.387329069673 0.272903222257
-0.281645716392 0.350350344534
-0.552041380258 0.241665000248
-0.317184049837 0.288014862408
-0.474939441952 0.284988447943
-0.57788380601 0.377926457622
-0.475243767609 0.195259880292
-0.81050278269 0.31830218319
-0.880463695246 0.341033861645
-0.871411060228 0.249870393771
-0.797141303311 0.222614048439
-0.305667075831 0.673615135658
-0.410221371291 0.661282325387
-0.473947959449 0.755393831456
-0.395393210076 0.591296648005
-0.397760052363 0.474807502371
-0.404508497187 0.90854096004
-0.314099321743 0.84716503536
-0.240281642824 0.763771807059
-0.180315406059 0.894106153011
-0.206772728821 0.972789205832
-0.584565303179 0.804585114631
-0.510221731808 0.468013274579
-0.35684907837 0.39658210202
-0.273782149564 0.447422734449
-0.22437888508 0.394566014224
-0.276189204901 0.521991622628
-0.416287173264 0.821565538779
-0.13939499525 0.73441200636
-0.0689095214547 0.787782187181
-0.171663019351 0.811546181274
-0.0996230984198 0.874618612969
-0.628514023061 0.583147309119
-0.506823835639 0.395008096216
-0.548467599301 0.547053888237
-0.534350636615 0.659501664669
-0.629552803714 0.474035092156
-0.589027229226 0.721809207197
-0.72020458621 0.529459177231
-0.70077721023 0.373800901739
-0.820406904592 0.473662147211
-0.705109412933 0.452301691138
-0.731732889716 0.298785208358
-0.640983824002 0.273066783626
-0.640351799111 0.406286228822
-0.781974244852 0.398116537037
-0.206456432206 0.277136584093
-0.14415350309 0.309360304458
-0.256249173077 0.896405083642
0.68626129632 -0.398708990864
0.708119050261 -0.518905111761
0.785517698403 -0.513868391032
0.710350111151 -0.623976398349
1.66533453694e-16 0.994521895368
-0.0522642316338 0.936608095149
0.0303528527933 0.921594861316
-0.624995967039 0.157024550324
-0.696644441095 0.150077053295
-0.540668884912 0.139126570244
-0.739073800367 0.665465038885
-0.656286281458 0.661251282716
1747
1311 1331 1305
303 1017 207
111 224 1013
1224 1163 1164
1244 1237 1236
961 93 859
1093 1083 1095
74 94 114
1021 241 337
1101 1079 1113
1070 1160 1106
113 166 229
1218 1195 1210
983 144 881
385 696 697
1135 1072 1168
1016 203 299
1079 1070 1085
218 72 155
1070 1106 1085
60 2 62
1160 1159 1097
14 1089 15
98 342 1023
132 435 374
1159 1162 1084
143 110 1058
1104 1096 1105
15 1083 16
1319 1272 1336
89 950 848
151 951 849
100 952 850
1238 1334 1130
307 1018 211
1235 1333 1202
1358 1355 1335
105 953 851
1277 1278 1301
110 90 66
1203 1332 1384
1065 65 73
11 10 1080
355 393 78
65 102 1063
11 1080 1087
201 954 852
1385 1371 1352
321 409 97
1100 1120 1108
1107 1071 1087
96 955 853
1075 1136 1137
13 12 1082
1090 13 1082
86 1060 106
18 1085 19
212 561 597
1408 1073 1407
22 21 1169
1060 86 94
23 1407 1073
956 854 79
1078 20 19
968 137 866
24 23 1073
666 70 300
957 855 117
1073 58 1131
1172 1410 1408
86 106 1062
1131 1074 25
1074 59 26
251 104 233
24 1131 25
26 59 27
1062 69 77
27 59 1068
140 284 543
29 101 218
1068 61 28
82 143 1058
965 71 863
76 305 668
466 200 381
68 1064 1065
66 90 1061
233 84 251
1059 74 114
9 1139 1137
1141 1076 1140
1140 1142 1145
1139 1141 1140
1076 7 6
156 229 64
88 182 254
6 1133 1076
1098 1136 1148
2 1069 3
112 861 963
31 3 1069
858 960 75
68 28 61
128 1054 1
4 1077 5
1066 60 62
1057 143 82
1133 1077 32
4 3 31
1133 5 1077
65 1063 73
83 102 1061
958 856 63
463 195 383
103 216 652
1067 69 1066
95 330 416
163 531 776
1011 319 909
119 192 1012
152 1052 1056
857 237 959
858 122 960
239 644 176
220 646 157
859 125 961
221 893 995
182 127 254
324 1 228
505 244 424
321 130 409
131 372 452
987 257 885
133 345 682
167 1006 85
198 1007 136
387 698 294
388 1035 295
340 648 649
519 770 771
1009 298 907
326 121 232
860 334 962
1057 101 1055
395 1036 302
861 145 963
862 304 964
863 147 965
371 146 265
900 1002 149
362 650 651
556 310 458
1059 152 120
187 652 653
222 654 159
72 969 155
64 975 156
647 215 646
129 966 864
655 183 654
118 276 568
728 356 441
336 1020 240
322 533 616
435 194 374
952 165 850
656 657 347
85 230 167
958 168 856
865 197 967
866 199 968
953 171 851
172 282 416
773 520 772
232 174 326
418 142 325
645 190 644
177 498 774
461 213 369
765 510 764
716 338 425
181 290 686
88 977 182
658 659 217
606 411 572
568 185 484
577 1050 493
660 661 231
136 250 198
679 239 176
123 867 190
662 663 364
446 119 363
966 193 864
1025 164 280
868 384 970
869 166 971
664 665 386
250 136 188
680 170 275
870 389 972
594 390 551
543 202 459
472 744 392
315 666 667
355 205 393
684 262 287
747 476 746
208 304 371
328 668 669
675 331 674
749 480 748
401 973 871
872 402 974
214 447 736
124 873 215
103 874 216
659 183 154
29 218 155
671 220 157
670 671 219
490 1041 410
159 875 222
184 978 876
351 111 256
672 673 486
226 979 877
950 227 848
1 324 128
113 229 156
234 230 85
661 187 153
121 976 232
104 985 233
230 234 105
329 674 210
955 236 853
676 677 419
325 238 418
678 679 189
502 756 422
759 503 758
956 242 854
878 191 980
879 426 981
273 648 138
341 680 681
509 762 763
277 1024 179
249 344 452
188 63 250
84 197 251
971 252 869
348 682 683
127 191 254
766 436 516
111 351 224
518 1042 438
283 1026 139
285 1027 173
203 377 299
880 301 982
881 206 983
357 684 685
373 264 145
146 992 265
399 266 125
1043 445 525
288 650 150
951 269 849
980 270 878
365 686 687
719 340 245
138 882 273
721 341 246
170 883 275
688 689 507
179 370 277
884 344 986
530 690 449
407 164 314
885 352 987
692 693 513
139 376 283
694 695 512
173 378 285
731 357 263
262 886 287
150 887 288
735 365 271
181 888 290
383 291 463
196 696 134
967 293 865
699 169 698
552 780 468
296 389 466
549 700 701
555 1046 471
377 203 260
70 889 300
702 703 474
559 782 475
207 373 303
704 705 477
76 890 305
713 329 210
211 399 307
308 557 1047
309 402 461
891 483 993
370 311 79
417 312 147
892 225 994
164 407 280
706 707 323
893 317 995
754 316 457
540 708 709
576 1049 492
1004 186 902
97 225 321
1040 495 938
707 315 204
228 100 324
142 991 325
174 237 326
378 327 96
710 711 332
712 713 306
95 996 330
235 894 331
711 328 209
959 333 857
714 715 500
957 335 855
501 240 421
241 417 337
717 243 716
424 339 505
718 719 272
720 721 274
98 428 342
895 276 997
722 723 511
133 896 345
725 348 253
657 196 134
724 725 346
726 727 514
897 349 999
256 129 351
768 281 508
898 282 1000
899 284 1001
78 988 355
729 261 728
730 731 286
733 362 268
900 359 1002
901 522 1003
583 360 521
732 733 358
119 446 192
663 243 180
734 735 289
902 366 1004
903 538 1005
451 736 737
213 989 369
311 370 179
208 371 265
131 1028 372
264 373 207
194 1022 374
302 473 395
460 376 139
260 122 377
327 378 173
546 738 462
954 380 852
200 984 381
295 467 388
195 998 383
740 741 548
292 904 385
665 169 135
294 905 387
467 295 382
742 743 553
906 554 1008
907 391 1009
745 141 744
205 301 393
982 394 880
473 302 375
92 746 67
964 397 862
561 398 597
266 399 211
148 748 116
638 565 620
750 751 566
458 403 556
539 752 455
978 405 876
994 406 892
314 89 407
488 754 755
130 1015 409
607 820 574
908 575 1010
909 412 1011
589 367 526
829 618 828
616 415 587
172 416 330
312 417 241
238 334 418
677 141 108
962 420 860
240 501 336
757 313 756
178 758 115
244 990 424
338 910 425
760 761 580
997 427 895
485 428 98
278 762 247
343 764 248
986 431 884
1001 432 899
1000 433 898
999 434 897
132 349 435
767 350 766
517 768 769
613 824 582
353 770 258
354 772 259
356 911 441
521 442 583
562 784 478
524 774 775
615 826 586
363 151 446
214 912 447
779 451 368
691 528 690
569 776 777
778 779 448
249 452 372
532 1044 414
454 538 589
753 536 752
534 708 318
316 913 457
310 1014 458
202 1034 459
376 460 201
309 461 369
739 544 738
291 384 463
970 464 868
542 700 297
296 466 381
382 199 467
781 91 780
972 469 870
470 554 594
831 623 830
392 914 472
375 206 473
703 261 161
783 175 782
396 915 476
705 148 116
785 560 784
834 600 627
400 916 480
481 621 832
974 482 872
786 787 603
185 1031 484
428 485 184
673 313 162
789 488 408
788 789 487
410 573 490
573 410 489
491 575 606
837 634 836
839 635 838
979 494 877
637 1051 612
805 539 455
445 585 525
177 917 498
795 524 444
715 175 109
421 117 501
422 918 502
423 919 503
438 581 518
339 426 505
981 506 879
689 343 248
281 920 508
429 921 509
430 922 510
723 278 247
695 354 259
693 353 258
727 350 255
791 517 437
436 923 516
790 791 515
581 438 504
439 924 519
440 925 520
360 1019 521
792 793 614
817 560 443
794 795 499
585 445 497
367 1029 526
636 796 611
279 926 528
799 530 449
798 799 529
163 927 531
414 588 532
800 801 617
318 928 534
807 540 456
404 929 536
930 533 1032
802 803 619
804 805 496
806 807 535
588 541 226
297 931 542
140 543 459
379 932 544
809 546 462
808 809 545
811 549 465
741 91 81
810 811 547
593 550 391
390 1033 551
468 933 552
743 92 67
812 813 622
471 593 555
403 483 556
628 308 601
814 815 626
475 934 559
816 817 523
212 1037 561
478 935 562
936 558 1038
973 564 871
937 629 1039
751 178 115
993 567 891
118 568 484
818 819 578
604 570 366
605 571 412
411 1030 572
489 317 573
821 158 820
822 823 633
492 605 576
493 604 577
819 569 450
938 579 1040
761 158 126
504 352 581
825 99 824
442 522 583
1003 584 901
497 359 585
827 361 826
415 1048 587
541 588 414
454 589 526
1032 590 930
537 828 453
1005 592 903
550 593 471
470 594 551
1008 595 906
107 830 87
398 558 597
625 832 833
1038 599 936
835 563 834
308 628 557
620 602 638
787 99 80
570 604 493
571 605 492
491 606 572
574 939 607
1010 608 908
223 836 160
413 838 320
797 631 796
847 643 846
582 940 613
793 361 267
586 941 615
322 616 587
801 537 453
591 942 618
803 413 320
565 1045 620
481 943 621
813 107 87
596 944 623
841 625 598
840 841 624
815 563 479
600 945 627
601 401 628
842 843 642
640 630 579
527 946 631
845 636 611
823 223 160
609 947 634
610 948 635
844 845 632
612 640 637
602 629 638
1039 639 937
630 640 612
0 846 30
843 0 30
641 949 643
644 239 645
190 645 123
646 220 647
215 647 124
648 273 649
340 649 245
650 288 651
362 651 268
652 216 653
187 653 153
654 222 655
183 655 154
196 657 656
347 252 656
183 659 658
217 75 658
187 661 660
231 168 660
243 663 662
364 270 662
169 665 664
386 293 664
666 300 667
315 667 204
668 305 669
328 669 209
220 671 670
219 93 670
313 673 672
486 406 672
674 329 675
331 675 235
141 677 676
419 333 676
239 679 678
189 112 678
680 275 681
341 681 246
682 345 683
348 683 253
684 287 685
357 685 263
686 290 687
365 687 271
343 689 688
507 427 688
690 530 691
528 691 279
353 693 692
513 433 692
354 695 694
512 432 694
696 196 697
385 697 292
698 387 699
169 699 135
700 542 701
549 701 465
261 703 702
474 394 702
148 705 704
477 397 704
315 707 706
323 227 706
708 534 709
540 709 456
328 711 710
332 236 710
329 713 712
306 71 712
175 715 714
500 420 714
716 425 717
243 717 180
340 719 718
272 171 718
341 721 720
274 137 720
278 723 722
511 431 722
348 725 724
346 165 724
350 727 726
514 434 726
728 441 729
261 729 161
357 731 730
286 144 730
362 733 732
358 242 732
365 735 734
289 193 734
736 447 737
451 737 368
738 546 739
544 739 379
91 741 740
548 464 740
92 743 742
553 469 742
744 472 745
141 745 108
746 92 747
476 747 396
748 148 749
480 749 400
178 751 750
566 482 750
752 539 753
536 753 404
754 457 755
488 755 408
756 502 757
313 757 162
758 178 759
503 759 423
158 761 760
580 506 760
762 278 763
509 763 429
764 343 765
510 765 430
766 516 767
350 767 255
768 508 769
517 769 437
770 353 771
519 771 439
772 354 773
520 773 440
774 498 775
524 775 444
776 531 777
569 777 450
451 779 778
448 269 778
780 552 781
91 781 81
782 559 783
175 783 109
784 562 785
560 785 443
99 787 786
603 567 786
488 789 788
487 221 788
517 791 790
515 257 790
361 793 792
614 584 792
524 795 794
499 335 794
796 636 797
631 797 527
530 799 798
529 186 798
537 801 800
617 590 800
413 803 802
619 592 802
539 805 804
496 319 804
540 807 806
535 405 806
546 809 808
545 298 808
549 811 810
547 380 810
107 813 812
622 595 812
563 815 814
626 599 814
560 817 816
523 149 816
569 819 818
578 494 818
820 607 821
158 821 126
223 823 822
633 608 822
824 613 825
99 825 80
826 615 827
361 827 267
828 537 829
618 829 591
830 107 831
623 831 596
832 621 833
625 833 598
834 627 835
563 835 479
836 223 837
634 837 609
838 413 839
635 839 610
625 841 840
624 564 840
0 843 842
642 639 842
636 845 844
632 495 844
846 0 847
643 847 641
227 323 848
269 448 849
165 346 850
171 272 851
380 547 852
236 332 853
242 358 854
335 499 855
168 231 856
333 419 857
75 217 858
93 219 859
420 500 860
112 189 861
397 477 862
71 306 863
193 289 864
293 386 865
137 274 866
969 867 123
464 548 868
252 347 869
469 553 870
564 624 871
482 566 872
975 873 124
976 874 103
977 875 159
405 535 876
494 578 877
270 364 878
506 580 879
394 474 880
144 286 881
984 882 138
985 883 170
431 511 884
257 515 885
988 886 262
989 887 150
990 888 181
991 889 70
992 890 76
567 603 891
406 486 892
221 487 893
996 894 235
427 507 895
998 896 133
434 514 897
433 513 898
432 512 899
149 523 900
584 614 901
186 529 902
592 619 903
1006 904 292
1007 905 294
595 622 906
298 545 907
608 633 908
319 496 909
1012 910 338
1013 911 356
1014 912 214
1015 913 316
1016 914 392
1017 915 396
1018 916 400
1019 917 177
1020 918 422
1021 919 423
1022 920 281
1023 921 429
1024 922 430
1025 923 436
1026 924 439
1027 925 440
1028 926 279
1029 927 163
1030 928 318
1031 929 404
590 617 930
1033 931 297
1034 932 379
1035 933 468
1036 934 475
1037 935 478
599 626 936
639 642 937
495 632 938
1041 939 574
1042 940 582
1043 941 586
1044 942 591
1045 943 481
1046 944 596
1047 945 600
1048 946 527
1049 947 609
1050 948 610
1051 949 641
89 314 950
151 363 951
100 228 952
105 234 953
201 460 954
96 327 955
79 311 956
117 421 957
63 188 958
237 174 959
122 260 960
125 266 961
334 238 962
145 264 963
304 208 964
147 312 965
129 256 966
197 84 967
199 382 968
867 969 72
384 291 970
166 113 971
389 296 972
401 601 973
402 309 974
873 975 64
874 976 121
875 977 88
184 485 978
226 541 979
191 127 980
426 339 981
301 205 982
206 375 983
882 984 200
883 985 104
344 249 986
352 504 987
886 988 78
887 989 213
888 990 244
889 991 142
890 992 146
483 403 993
225 97 994
317 489 995
894 996 95
276 118 997
896 998 195
349 132 999
282 172 1000
284 140 1001
359 497 1002
522 442 1003
366 570 1004
538 454 1005
904 1006 167
905 1007 198
554 470 1008
391 550 1009
575 491 1010
412 571 1011
910 1012 192
911 1013 224
912 1014 310
913 1015 130
914 1016 299
915 1017 303
916 1018 307
917 1019 360
918 1020 336
919 1021 337
920 1022 194
921 1023 342
922 1024 277
923 1025 280
924 1026 283
925 1027 285
926 1028 131
927 1029 367
928 1030 411
929 1031 185
533 322 1032
931 1033 390
932 1034 202
933 1035 388
934 1036 395
935 1037 212
558 398 1038
629 602 1039
579 630 1040
939 1041 490
940 1042 518
941 1043 525
942 1044 532
943 1045 565
944 1046 555
945 1047 557
946 1048 415
947 1049 576
948 1050 577
949 1051 637
152 1056 120
1055 1053 1057
1056 1054 128
101 29 1055
1054 1056 1052
143 1057 1053
94 74 1060
110 66 1058
152 1059 114
83 1061 90
69 1062 106
102 83 1063
65 1065 1064
68 61 1064
1066 62 1067
69 1067 77
27 1068 28
2 60 1069
17 1079 18
1093 16 1083
39 1375 1406
1087 1082 12
1170 1168 1169
1097 1171 1168
23 22 1407
1132 58 1073
1175 1177 1152
25 1074 26
1087 1071 1082
33 1142 1134
1139 1140 1075
1078 1085 1106
4 31 1077
20 1078 1170
15 1089 1083
1231 1284 1282
1137 10 9
1136 1149 1148
1089 1090 1081
1273 1301 1278
1117 1261 1103
14 1090 1089
1096 1094 1095
17 1093 1079
1156 1157 1155
1084 1162 1165
19 1085 1078
18 1079 1085
1180 1182 1179
1184 1126 1123
11 1087 12
1087 1080 1107
1099 1100 1091
1342 1368 1367
14 13 1090
1081 1083 1089
1090 1082 1099
1102 1116 1103
1082 1071 1099
1100 1071 1111
1096 1081 1116
1193 1158 1250
16 1093 17
1095 1083 1096
1101 1156 1079
1095 1113 1093
1096 1083 1081
1094 1101 1113
1103 1081 1090
1115 1092 1114
1160 1156 1155
1171 1135 1168
1098 1107 1136
1108 1088 1117
1100 1099 1071
1090 1099 1091
1098 1112 1111
1109 1110 1121
1115 1094 1104
1115 1101 1094
1129 1110 1128
1344 1324 1347
1090 1091 1103
1117 1103 1091
1094 1096 1104
1096 1116 1105
1256 1257 1262
1104 1105 1334
1070 1156 1160
1168 1106 1097
1136 1107 1080
1111 1107 1098
1091 1100 1108
1120 1110 1108
1184 1183 1125
1110 1129 1108
1111 1112 1120
1110 1109 1128
1107 1111 1071
1098 1086 1124
1112 1123 1121
1120 1121 1110
1093 1113 1079
1094 1113 1095
1191 1204 1158
1220 53 1215
1092 1115 1104
1101 1115 1114
1103 1116 1081
1105 1116 1102
1108 1117 1091
1117 1088 1261
1246 1266 1268
1105 1102 1130
1125 1198 1197
1262 1254 1256
1111 1120 1100
1121 1120 1112
1124 1122 1123
1109 1121 1126
1153 1178 1177
37 1187 1189
1124 1123 1112
1122 1184 1123
1098 1124 1112
1124 1086 1178
1126 1184 1125
1186 1183 1166
1123 1126 1121
1197 1126 1125
1256 1254 1255
1242 1243 1205
1128 1109 1201
1129 1128 1119
1257 1256 1261
1129 1088 1108
1130 1102 1256
1130 1127 1252
1131 58 1074
24 1073 1131
5 1133 6
1409 1073 1408
32 1076 1133
1172 1196 1195
1076 32 1134
1208 1135 1171
1137 1136 1080
1136 1075 1149
10 1137 1080
9 8 1139
1145 1144 1146
1181 36 1176
8 7 1141
1075 1137 1139
1142 1076 1134
1151 35 1150
8 1141 1139
1076 1141 7
1146 1075 1145
1076 1142 1140
1145 1075 1140
1147 1144 1145
1144 1143 34
33 1143 1147
1142 33 1147
1152 1146 1144
1146 1138 1149
1144 1147 1143
1142 1147 1145
1177 1148 1138
1086 1098 1148
1146 1149 1075
1148 1149 1138
1176 1179 1174
1146 1152 1138
34 1151 1173
1175 1150 1153
1144 34 1173
1144 1173 1152
1175 1173 1150
1124 1178 1122
1193 1191 1158
1216 1209 1213
1157 1101 1114
1155 1154 1159
1079 1156 1070
1157 1156 1101
1114 1204 1191
1155 1157 1191
1237 1204 1114
1283 1228 1233
1163 1162 1159
1171 1159 1084
1106 1160 1097
1155 1159 1160
1162 1163 1161
1211 1216 1213
1163 1159 1154
1165 1162 1161
1193 1154 1191
1154 1193 1163
1249 1204 1192
1222 1220 1194
1165 1161 1207
1218 1217 1195
1153 1179 1178
1411 38 1412
1393 1370 1371
1197 1201 1109
1169 1168 1072
1168 1078 1106
1169 1072 1407
1170 21 20
1168 1170 1078
21 1170 1169
1159 1171 1097
1208 1171 1084
1408 1410 57
1072 1135 1196
1150 1173 1151
35 1174 1150
1189 1176 36
1175 1153 1177
1173 1175 1152
1199 1188 1386
1153 1174 1179
1148 1177 1086
1177 1138 1152
1177 1178 1086
1174 1153 1150
35 1181 1174
1122 1178 1179
1176 1174 1181
1182 1180 1166
1179 1176 1180
1189 1180 1176
1182 1166 1183
1179 1182 1122
1186 1187 1413
1186 1190 1183
1122 1182 1184
1183 1184 1182
1377 1406 1388
1183 1190 1198
1187 1186 1166
1387 1190 1185
1180 1189 1166
37 1411 1413
1387 1389 1388
1197 1109 1126
37 1189 36
1166 1189 1187
1185 1190 1186
1188 1197 1198
1155 1191 1154
1114 1191 1157
1205 1236 1242
1240 1259 1232
1250 1158 1249
1163 1193 1164
1227 1223 1224
1221 1194 1220
1208 1084 1210
1218 1210 1209
1196 1135 1208
1408 1196 1172
1197 1188 1199
1183 1198 1125
1188 1198 1190
1200 1119 1128
1199 1200 1201
1167 1203 1199
1199 1203 1200
1199 1201 1197
1128 1201 1200
1372 1369 1370
1200 1333 1119
1332 1203 1167
1200 1203 1202
1237 1114 1092
1249 1192 1248
1286 1266 1246
1271 1231 1259
1237 1244 1192
1232 1280 1282
1223 1207 1161
1211 1207 1194
1210 1084 1165
1196 1208 1195
1211 1213 1207
1212 1209 55
1208 1210 1195
1213 1210 1165
1194 1214 1211
1209 1216 55
55 56 1212
1212 56 1217
1210 1213 1209
1207 1213 1165
1215 1221 1220
54 1211 1214
1230 1222 1219
1214 1221 54
1211 54 1216
54 55 1216
1410 1217 56
1195 1217 1172
1209 1212 1218
1217 1218 1212
1227 1219 1222
1220 1230 1327
53 1327 1229
54 1221 1215
1194 1221 1214
1223 1194 1207
1224 1225 1227
1224 1223 1161
1194 1223 1222
1163 1224 1161
1224 1164 1225
1228 1164 1250
1225 1164 1228
1327 1226 1328
1226 1219 1329
1227 1222 1223
1225 1219 1227
1228 1206 1233
1283 1233 1232
1230 1220 1222
1331 1311 52
1230 1219 1226
1219 1306 1329
1233 1240 1232
1275 1273 1278
1248 1206 1249
1304 1281 1284
1248 1240 1206
1283 1232 1282
1380 1234 1392
1401 1400 1316
1381 1382 1373
1253 1255 1118
1236 1237 1241
1245 1244 1236
1204 1237 1192
1241 1237 1092
1238 1241 1334
1253 1243 1252
1239 1244 1245
1240 1239 1269
1206 1240 1233
1269 1259 1240
1334 1241 1092
1242 1241 1238
1241 1242 1236
1243 1242 1238
1252 1243 1238
1264 1243 1253
1245 1236 1205
1239 1240 1248
1247 1245 1205
1247 1270 1245
1205 1263 1247
1308 1268 1312
1264 1263 1243
1286 1260 1270
1192 1244 1248
1248 1244 1239
1250 1249 1206
1204 1249 1158
1228 1250 1206
1193 1250 1164
1270 1260 1251
1308 1246 1268
1130 1252 1238
1253 1252 1127
1255 1253 1127
1264 1253 1118
1127 1256 1255
1235 1383 1404
1127 1130 1256
1255 1254 1354
1102 1261 1256
1088 1129 1257
1129 1119 1257
1257 1119 1262
1264 1265 1258
1263 1266 1247
1271 1259 1251
1231 1280 1259
1318 1315 1291
1251 1269 1270
1261 1102 1103
1257 1261 1088
1333 1262 1119
1405 1262 1235
1243 1263 1205
1266 1263 1258
1265 1264 1118
1263 1264 1258
1353 1354 1335
1344 1348 1351
1265 1287 1258
1287 1356 1289
1268 1287 1289
1290 1321 1317
1287 1268 1266
1336 1291 1315
1269 1239 1270
1251 1259 1269
1245 1270 1239
1286 1270 1247
1251 1274 1276
1231 1271 1275
1291 1274 1251
1323 1300 1309
1275 1276 1273
1273 1293 1292
1291 1251 1260
1294 1276 1274
1276 1275 1271
1273 1292 1301
1251 1276 1271
1272 1293 1294
1302 50 1303
1278 1285 1275
1292 49 1279
1277 1284 1285
1279 1302 1301
1302 1279 50
1282 1284 1281
1232 1259 1280
1281 1304 1305
1306 1225 1228
1231 1282 1280
1225 1306 1219
1282 1281 1307
1228 1283 1306
1285 1284 1231
1304 1277 1303
1275 1285 1231
1277 1285 1278
1266 1286 1247
1318 1286 1246
1258 1287 1266
1265 1356 1287
1265 1118 1353
1400 1401 1397
1288 1267 1289
1267 1268 1289
1321 1314 1317
1337 1341 1298
1318 1260 1286
1308 1315 1318
1276 1294 1273
1295 49 1292
48 1296 1300
1292 1296 1295
1272 1294 1274
1273 1294 1293
1339 1319 1290
1296 1292 1293
48 1295 1296
1297 1300 1299
1297 1299 47
1293 1272 1309
1297 48 1300
1337 1340 1341
1296 1293 1309
1298 1299 1300
1292 1279 1301
1303 50 51
1277 1301 1302
1304 1303 1310
1277 1302 1303
1277 1304 1284
1310 1303 51
1331 52 1328
1220 1327 53
1283 1307 1306
52 1229 1328
1282 1307 1283
1281 1305 1330
1312 1268 1267
1308 1290 1315
1309 1272 1323
1296 1309 1300
51 1305 1310
1304 1310 1305
1314 1312 1267
1305 51 1311
1308 1312 1321
1314 1324 1313
1343 1345 1346
1324 1325 1320
1314 1313 1317
1319 1315 1290
1274 1336 1272
1325 1414 1415
1356 1355 1288
1313 1326 1317
1323 1339 1298
1260 1318 1291
1308 1318 1246
1339 1317 1337
1323 1319 1339
1325 1314 1267
1368 1347 1415
1308 1321 1290
1314 1321 1312
1322 1326 1343
1341 1299 1298
1323 1298 1300
1272 1319 1323
1325 1324 1314
1324 1320 1347
1416 1267 1288
1364 1416 1288
1343 1326 1313
1326 1322 1340
1226 1327 1230
1327 1328 1229
1331 1328 1226
1306 1307 1329
1307 1281 1330
1226 1329 1330
1330 1329 1307
1226 1330 1331
1305 1331 1330
1369 1332 1167
1373 1372 1234
1202 1333 1200
1262 1333 1235
1104 1334 1092
1130 1334 1105
1373 1382 1384
1355 1356 1353
1291 1336 1274
1319 1336 1315
1326 1337 1317
1340 1338 1341
1340 46 1338
1299 1341 47
1317 1339 1290
1298 1339 1337
1326 1340 1337
1340 1322 1346
47 1341 1338
1367 44 1349
1342 1348 1344
1344 1343 1313
1346 1345 46
1344 1313 1324
1342 1349 1348
1340 1346 46
1343 45 1345
1343 1346 1322
1347 1320 1415
1342 1344 1347
44 45 1348
1343 1351 45
1365 1367 1368
44 1348 1349
1350 1367 1366
1366 43 1350
1344 1351 1343
1348 45 1351
1167 1199 1386
1371 1370 1352
1118 1255 1354
1353 1335 1355
1354 1254 1404
1118 1354 1353
1335 1361 1358
1364 1358 1362
1356 1288 1289
1353 1356 1265
1380 1392 1394
1357 1362 1358
1404 1359 1361
1360 1362 1363
1383 1202 1382
1361 1381 1358
1360 1401 1414
1364 1355 1358
1404 1361 1335
1361 1359 1381
1362 1357 1391
1362 1360 1364
1373 1380 1391
1365 1400 1403
1416 1360 1414
1288 1355 1364
1380 1394 1363
1350 44 1367
1366 1365 1403
1342 1367 1349
1365 1366 1367
1347 1368 1342
1368 1316 1400
1369 1167 1376
1370 1369 1352
1375 1374 1385
1372 1370 1234
41 1395 1379
1393 1395 1418
1234 1380 1373
1369 1372 1332
1381 1373 1357
1332 1372 1373
1375 39 1374
1385 40 1371
1376 1352 1369
1352 1376 1375
38 1377 1389
1389 1377 1388
1376 1167 1386
1406 1376 1388
1378 39 1406
1392 1234 1393
1371 40 1379
1391 1380 1363
1381 1357 1358
1382 1381 1359
1383 1382 1359
1382 1202 1384
1404 1383 1359
1202 1383 1235
1203 1384 1202
1373 1384 1332
1375 1385 1352
40 1385 1374
1387 1386 1188
38 1378 1377
1190 1387 1188
1387 1185 1389
1376 1386 1388
1387 1388 1386
1185 1413 1412
1406 1375 1376
42 1396 1417
1396 1394 1390
1362 1391 1363
1373 1391 1357
1234 1370 1393
1392 1390 1394
1371 1379 1395
1390 1392 1393
1418 1396 1390
1399 1394 1396
1395 41 1418
1371 1395 1393
1398 1396 42
1399 1398 1403
1397 1403 1400
1363 1394 1402
42 43 1398
1366 1403 43
1398 1399 1396
1402 1399 1397
1368 1400 1365
1316 1414 1401
1360 1363 1401
1401 1363 1402
1399 1402 1394
1401 1402 1397
1399 1403 1397
1403 1398 43
1354 1404 1335
1254 1262 1405
1235 1404 1405
1254 1405 1404
1378 1406 1377
1169 1407 22
1408 1407 1072
1408 1072 1196
1409 57 1132
1073 1409 1132
1408 57 1409
1217 1410 1172
56 57 1410
38 1389 1412
1413 1185 1186
1185 1412 1389
37 1413 1187
1412 1413 1411
1415 1414 1316
1325 1267 1416
1415 1316 1368
1325 1415 1320
1360 1416 1364
1416 1414 1325
1418 1390 1393
1418 1417 1396
41 1417 1418
60
0 1
1 2
2 3
3 4
4 5
5 6
6 7
7 8
8 9
9 10
10 11
11 12
12 13
13 14
14 15
15 16
16 17
17 18
18 19
19 20
20 21
21 22
22 23
23 24
24 25
25 26
26 27
27 28
28 29
29 0
30 31
31 32
32 33
33 34
34 35
35 36
36 37
37 38
38 39
39 40
40 41
41 42
42 43
43 44
44 45
45 46
46 47
47 48
48 49
49 50
50 51
51 52
52 53
53 54
54 55
55 56
56 57
57 58
58 59
59 30
